1764346408987 82.18067169189453 0 b83b2aaead95487a9aa24700c1f2b17a
1764346411285 64.75116729736328 1 b83b2aaead95487a9aa24700c1f2b17a
1764346413721 56.79688262939453 2 b83b2aaead95487a9aa24700c1f2b17a
1764346416241 53.669620513916016 3 b83b2aaead95487a9aa24700c1f2b17a
1764346418709 49.70001983642578 4 b83b2aaead95487a9aa24700c1f2b17a
1764346421151 46.706871032714844 5 b83b2aaead95487a9aa24700c1f2b17a
1764346423539 45.32513427734375 6 b83b2aaead95487a9aa24700c1f2b17a
1764346426010 43.09270095825195 7 b83b2aaead95487a9aa24700c1f2b17a
1764346428308 42.7726936340332 8 b83b2aaead95487a9aa24700c1f2b17a
1764346430939 38.78763961791992 9 b83b2aaead95487a9aa24700c1f2b17a
1764346408987 82.18067169189453 0 b83b2aaead95487a9aa24700c1f2b17a
