1764346408987 104753.5703125 0 b83b2aaead95487a9aa24700c1f2b17a
1764346411285 92663.7109375 1 b83b2aaead95487a9aa24700c1f2b17a
1764346413721 87596.8828125 2 b83b2aaead95487a9aa24700c1f2b17a
1764346416241 84085.7890625 3 b83b2aaead95487a9aa24700c1f2b17a
1764346418709 77661.984375 4 b83b2aaead95487a9aa24700c1f2b17a
1764346421151 70238.0546875 5 b83b2aaead95487a9aa24700c1f2b17a
1764346423539 65523.50390625 6 b83b2aaead95487a9aa24700c1f2b17a
1764346426010 52728.2734375 7 b83b2aaead95487a9aa24700c1f2b17a
1764346428308 49212.34375 8 b83b2aaead95487a9aa24700c1f2b17a
1764346430939 38488.37109375 9 b83b2aaead95487a9aa24700c1f2b17a
1764346408987 104753.5703125 0 b83b2aaead95487a9aa24700c1f2b17a
